10,178
10,172
10,150
10,303
10,291
10,180
10,195
11,25
11,11
11,29
11,26
11,16
11,18
11,20
9,6
9,4
8,12
8,7
8,4
33,5
33,4
33,3
8,16
8,18
8,11
33,2
33,1
33,0
32,4
32,3
32,2
32,1
32,0
15,2
14,2
13,2
12,3
12,2
12,1
11,27
11,24
11,12
11,10
11,9
11,8
11,7
11,6
11,4
11,3
11,2
11,1
10,314
10,304
10,300
10,297
10,272
10,264
10,243
10,241
20,2
20,1
10,230
20,3
10,229
10,192
10,162
19,2
19,1
10,148
19,3
10,121
10,109
10,26
10,3
10,2
10,1
9,7
9,5
9,3
9,2
9,1
8,17
8,15
8,13
8,10
8,3
8,2
8,1
7,13
7,10
7,9
7,8
7,7
7,4
7,3
7,2
7,1
6,8
6,6
6,5
6,3
6,2
6,1
5,4
5,3
5,2
18,1
5,1
18,3
4,89
4,86
14,1
4,71
14,3
13,1
4,41
13,3
4,40
